VERTICES:
   0   0   0
   0   0   1
   0   1   0
   0   1   1
   1   0   0
   1   0   1
   1   1   0
   1   1   1
GRAFO EN MATRIZ:
   0   0   0   1   0   1   1   1
   0   0   1   0   1   0   1   1
   0   1   0   0   1   1   0   1
   1   0   0   0   1   1   1   0
   0   1   1   1   0   0   0   1
   1   0   1   1   0   0   1   0
   1   1   0   1   0   1   0   0
   1   1   1   0   1   0   0   0
CLIQUE MACIMO:
000  011  101  110 
000  111 
001  010  100  111 
001  110 
010  101 
011  100 
